Div DNA/DTA DNA/DTC DNA/DTH DNA/DTM DNA/DTT DNA/Helitron LINE/unknown LTR/Copia LTR/Gypsy LTR/unknown MITE/DTA MITE/DTC MITE/DTH MITE/DTM MITE/DTT Simple_repeat Unknown 
0 10114 50492 5837 5687 0 3767 0 200604 801719 179433 1654 0 0 937 0 0 864688 
1 32254 90465 6190 19942 0 13581 2078 517659 1757079 508897 2048 459 408 609 0 0 789803 
2 37415 129605 10115 61368 1336 9392 215 840316 2641301 754233 3107 281 0 380 346 0 673739 
3 13580 183976 3673 210438 271 2576 2645 903226 4076117 1215723 6890 1032 303 1960 54 0 626416 
4 34957 189993 10266 150181 1738 1337 2554 1051235 5633195 1329280 1725 306 0 3915 139 0 400137 
5 40883 185107 4147 78685 448 1587 2165 1112177 5962350 1777893 3784 652 0 26550 0 0 359095 
6 43815 162934 6445 83558 0 3621 8229 1081582 7027948 2967346 2887 1405 0 24917 0 0 271590 
7 65769 153759 10622 113869 357 2890 1373 1098739 8075389 2632563 5941 1389 83 13306 0 0 226375 
8 46806 143073 13931 86762 1205 4203 2245 1046166 7559392 2361132 4190 1220 200 15608 171 0 202177 
9 39517 129620 16489 118269 394 6166 812 945310 7727796 2577389 4813 437 269 16827 0 0 200214 
10 20578 149237 10020 130299 200 4003 3433 778201 7887415 2689350 6494 657 0 14626 0 0 183105 
11 26625 137190 13322 111311 0 2428 1630 565460 7899259 3192636 11913 700 0 20319 0 0 182510 
12 18214 124144 12374 105663 0 8648 2325 445471 7263876 3018582 5581 595 179 23158 0 0 188087 
13 22582 125094 10196 94280 0 4053 9235 391408 7849882 2989197 6687 537 220 30258 0 0 163392 
14 17304 137910 21211 92578 69 3199 4658 377036 7524399 4070021 7234 990 135 22259 0 0 169341 
15 12060 110247 13237 83876 0 3401 1619 294843 7724046 4203746 6143 311 141 23097 0 0 173093 
16 19458 86747 15163 118503 0 6100 2821 301935 7238486 3831234 8162 1376 0 31917 0 0 143769 
17 15346 84539 9842 74785 1268 5510 5129 310033 7002345 3040511 12572 553 266 31139 0 0 157254 
18 22633 68034 8235 70978 0 4921 4640 276530 7225354 2219271 42680 1843 192 24105 0 0 159017 
19 9196 61010 9535 64655 83 6799 6948 264703 5975244 1819264 264230 1801 205 26362 0 0 152349 
20 13814 72404 8890 73357 64 7181 4805 221464 5157526 1477466 286962 1700 385 25783 0 0 162364 
21 14478 57831 5102 62701 82 7460 1675 236053 5338837 1076741 182813 2336 119 27612 0 0 334365 
22 10300 69033 7680 59471 0 3550 6502 248162 5137007 1015816 56113 2855 457 23345 0 0 409321 
23 7696 63371 6722 72292 0 4543 7099 251961 4728294 1040233 16290 1639 496 22877 0 0 301381 
24 6990 61067 14996 83960 189 2906 8796 241262 4931154 1089228 3330 1476 250 25905 0 0 211082 
25 8765 59013 4578 63217 0 5208 7034 225596 5008498 1052338 2949 1656 154 24405 0 0 138951 
26 8394 53262 8668 59328 353 3926 8149 294788 4285489 1177889 3254 3239 504 22949 0 0 112441 
27 4063 53860 10478 55333 0 2950 6938 397761 4018407 1328890 3253 998 136 23061 0 0 115386 
28 4551 48285 4551 46004 535 3114 10454 485615 3978139 1533003 1865 966 420 17948 0 0 197415 
29 4027 33592 6469 61911 467 2691 8119 462775 3913054 1467659 1069 2373 0 16811 0 0 297795 
30 2758 32794 8105 58976 315 3424 8784 352041 4217284 1362825 2240 1121 22 17869 0 0 155557 
31 4715 20563 9296 55386 404 2275 10498 292823 3692912 1688451 2068 1862 107 16371 0 0 70481 
32 2946 24021 10851 63658 854 5315 13711 238547 5178122 1504916 1158 1213 0 12055 0 0 55772 
33 12557 21489 6700 52522 756 1487 19437 204569 5080327 1117555 490 719 0 13969 0 0 46499 
34 8687 21962 6568 40431 0 2868 21772 175804 4524021 757664 531 676 0 9455 0 0 43476 
35 8825 28729 7915 52981 2383 2230 15004 146948 3824670 338683 539 1026 503 6641 0 0 47867 
36 3014 36473 7681 43526 2041 947 17404 123245 3235099 259781 116 887 0 6127 0 0 70480 
37 3520 37339 7111 43290 5137 906 12728 108626 3108295 173560 468 209 688 5567 0 0 31419 
38 3450 42519 6536 69305 1570 1614 9292 96123 2822622 147536 0 503 0 5072 0 0 29460 
39 5785 48423 9612 54570 0 255 8126 86230 1966508 123516 0 229 22 3399 0 0 63590 
40 2106 78282 13068 75762 1153 344 5881 82185 1679941 128824 641 102 0 2279 0 0 65197 
41 6480 57634 16878 70978 559 1610 1630 87759 2333992 122500 596 12 0 1969 0 0 20556 
42 883 35236 12788 65587 2685 1026 1439 112825 1725584 110617 246 111 66 651 0 0 7646 
43 5694 22819 19351 33805 3386 0 1404 122539 1072105 124982 0 80 0 599 0 0 4251 
44 3382 19032 10012 34078 4028 428 1573 104704 587348 147449 0 122 0 701 0 0 2366 
45 2208 8919 3096 20555 3347 254 446 65961 306374 444190 16 0 0 180 0 0 1752 
46 2176 6694 355 14727 1903 0 381 41276 159994 744278 0 167 0 23 0 0 112 
47 1016 6328 644 3731 70 0 277 23093 92721 631808 0 0 0 366 0 0 268 
48 225 1450 815 2508 1714 0 426 9398 58981 292632 0 0 0 0 0 0 179 
49 143 420 318 2984 0 0 241 4737 39497 181092 0 0 0 0 0 0 248 
50 0 144 149 1439 438 0 0 2200 22223 154640 0 121 0 0 0 0 0 
51 532 727 0 1513 0 0 262 979 16358 96992 0 0 0 0 0 0 0 
52 0 226 93 183 0 0 0 638 16986 50055 0 0 0 0 0 0 386 
53 0 530 0 168 0 0 0 1344 16628 20745 0 0 0 0 0 0 0 
54 0 99 0 0 188 0 0 374 9058 5280 0 0 0 0 0 0 105 
55 0 0 0 0 0 0 0 379 6846 1891 0 0 0 0 0 0 0 
56 0 0 0 0 0 0 0 0 5177 219 0 0 0 0 0 0 0 
57 0 0 0 28 0 0 0 0 3561 302 0 0 0 0 0 0 0 
58 0 0 0 0 0 0 0 0 2920 998 0 0 0 0 0 0 0 
59 0 0 0 0 0 0 0 0 801 49 0 0 0 0 0 0 0 
60 0 0 0 0 0 0 0 0 1828 0 0 0 0 0 0 0 0 
61 0 0 0 0 0 0 0 0 1581 51 0 0 0 0 0 0 0 
62 0 0 0 0 0 0 0 0 2732 0 0 0 0 0 0 0 0 
63 0 0 0 0 0 0 0 0 1515 0 0 0 0 0 0 0 0 
64 0 0 0 0 0 0 0 0 1231 0 0 0 0 0 0 0 0 
65 0 0 0 0 0 0 0 0 0 0 0 0 0 0 0 0 0 
66 0 0 0 0 0 0 0 0 0 0 0 0 0 0 0 0 0 
67 0 0 0 0 0 0 0 0 224 0 0 0 0 0 0 0 0 
68 0 0 0 0 0 0 0 0 0 0 0 0 0 0 0 0 0 
69 0 0 0 0 0 0 0 0 0 0 0 0 0 0 0 0 0 
70 0 0 0 0 0 0 0 0 0 0 0 0 0 0 0 0 0 
